312769
6547014
6587142
27165954
31566704
137020565
137594422
142838028
181380658
213345970
226701642
227855942
230946361
233939122
237267329
237913743
239444645
242346016
246516580
246519683
251014570
257805044
263891752
263893023
263901556
263902859
263903550
263904280
263904924
266846137
276461096
283820866
284090786
287504952
287867876
297995609
305992851
306034694
307329013
310014962
310079703
310928550
312414178
317188185
317670428
324785039
327821015
328124067
329110405
330057448
330168845
331477055
331601581
338444324
339977421
341164928
343527910
344858966
347948733
349258461
350604095
351807576
354715064
356682443
357651871
359624611
360767798
365261108
367097138
368464732
370073176
370245186
371435087
375201811
377975532
385007719
386183165
386192725
386195940
387246614
387809238
388502764
388592191
389294682
390982964
391379500
393401013
393495312
393498731
393537671
394602287
394904431
395813328
397955540
399383365
400382442
400593267
403499324
404014477
404044168
406361925
406383570
406662616
408177774
408317316
408898501
409283233
409604194
411182963
411484181
412056867
415479257
415780733
421233661
423448944
423834123
428719354
428942742
433379445
433935394
435335235
437070179
438690404
440238741
441139422
442594211
443323227
444035862
444108880
445347483
445362421
445905873
446220964
446545048
449485006
451431994
452047208
452399768
457007402
459493039
460608994
461849439
462627255
463554836
465553355
465818547
465818553
465818554
465818555
465818563
465865291
465984936
467134640
467518794
468433605
470842789
471808654
478549868
478989144
498684064
499213551
500105167
507472097
509808838
510337930
510647803
511028589
511491168
514670697
522963891
523605642
523683256
527575200
531777911
542087210
542132831
542874179
544217506
546354584
551031469
553615859
553656096
554633918
555540865
555868957
558143260
558978094
559219992
560039769
567114163
568879303
569120128
575353596
575358142
577176220
579451052
581154878
583495589
593826822
598341134
601894079
602119108
607120057
607591690
610886011
612770026
613608234
624410813
627910594
628459294
638273451
638594993
639001259
639641542
640873368
643125984
646502690
648664981
649973549
651739129
656876671
657291910
658399558
661277818
664464508
665953422
670777243
672810002
672913181
674925395
679119565
680408335
684201351
684477003
684649988
686505742
686505743
686508050
686508051
686509463
686509464
686510134
686510135
688540506
689171215
691139538
691727565
691916156
692083444
692584955
694067049
694408528
694408529
694432641
694474015
695242274
697325251
700965019
701498055
702835587
706533341
708906045
710256863
711241814
712012773
714763450
714773890
715111483
715627769
716444460
717117066
721954274
722082439
722955559
723519637
724480511
726778924
727929695
729369978
737045660
739680855
743695671
744665252
745410378
747635241
751289888
751289889
753137719
753890862
754051439
754411575
754411576
754411577
754411578
754859229
755027431
755988202
756578163
757039174
758090502
760037151
760111092
762747160
765000179
765171236
765668483
768368477
769679594
770563646
770865636
772180213
773336712
773632446
774347071
775399960
776678944
776845434
777668262
777747959
778730364
779159551
781289536
781829486
782285248
783066499
783214523
784533078
785583551
787168529
787358534
790088226
790704501
792313023
793124631
794509175
796425061
797722803
798651566
801784818
805675250
805862344
806008728
807691608
808769893
808825661
810972054
811721471
812158311
812910314
812914898
812917109
813100557
813116645
813745845
815075619
815485910
815487451
815489844
818179690
818182311
818184214
818188553
818190568
818432243
819609796
820574818
824643542
828794714
829992960
833815143
834658869
835509686
840192844
840195963
840198271
841126810
841157954
841462373
841565461
844772414
846652486
849191641
856503101
860192439
864635185
869882680
871660982
871930188
874710054
877703456
882856729
885835936
886409525
886452112
886638002
887406851
887407002
887648583
891226062
891648844
892383554
893309613
893504888
894441297
894817444
897632162
897649551
900652777
900942105
901634764
903033821
904674650
905108030
906662995
913799044
916591005
919889450
922346083
923640017
924268058
933973163
934478981
940424110
940635002
942870784
942958458
946763820
947923645
951243359
954185193
955551813
957484854
958277442
958278659
958279733
958280887
960593591
971381860
971383839
971384592
971385312
971386173
971387073
971778590
977618990
977638343
984814367
987374809
994035569
1000870705
1002765064
1003833031
1007352535
1010838509
1015673913
1018187012
1020893679
1023334924
1023434045
1024439078
1024922832
1028585879
1029379725
1029725590
1029804829
1034994881
1035899249
1035970481
1037125809
1039986749
1044033654
1044269355
1045677043
1049889280
1050428997
1053260256
1054235481
1058926737
1060587336
1060770176
1065092715
1066202864
1067295154
1067295558
1071055319
1073483571
1075040336
1076768277
1080556472
1081594964
1083164969
1088771340
1096015467
1098616344
1099642259
1100556080
1105062628
1105680969
1107424865
1111523351
1112554822
1112556000
1114942423
1115850955
1116319755
1118456851
1118904346
1119663977
1119722936
1122347528
1124070239
1127406202
1128779653
1130414707
1130719852
1131427236
1134696561
1137071163
1138500612
1141259202
1144340594
1148225020
1152109334
1153943565
1158785990
1160680775
1164556102
1165665513
1166485390
1166502923
1166518213
1166579975
1166590241
1166979636
1166980820
1166982296
1167169177
1167169305
1167819755
1169650768
1169658307
1171775660
1176731562
1178290500
1181999968
1182542917
1182620971
1183554043
1184547068
1184808594
1185173782
1185252893
1188287738
1189552380
1190390016
1190649759
1190697410
1192606626
1194470385
1200094857
1200705159
1210118499
1210764878
1210793288
1211492715
1216437148
1217293051
1217302022
1221448215
1221549217
1221682136
1222988861
1223742907
1229820904
1231325798
1232999340
1233471765
1237288791
1237529510
1241944285
1241945177
1242355666
1242447555
1245322723
1247054501
1249581181
1250132294
1251829038
1256765304
1257136405
1258524377
1258524381
1259645348
1261011241
1261301160
1261952433
1262355871
1265975021
1267506082
1268830233
1274454607
1274539825
1275370710
1277633086
1277979657
1279721720
1282184111
1283139906
1283150379
1284444444
1285225688
1285492943
1285683351
1289298713
1290751153
1294383366
1294465507
1306013327
1359744886
1367611498
1367657332
1367696984
1367723155
1387094911
1387238831
1390638935
1392353330
1392374998
1394684562
1398561305
1405560434
1421321088
1425999935
1437818649
1447774422
1453520040
1459508661
1477617299
1534723354
1590103608
1612017486
1612080140
1619680930
1635463099
1641736925
1641737578
1642742254
1643003311
1643242122
1651519046
1656375343
1664954357
1667526649
1669576668
1669846624
1671234093
1673529904
1674484158
1675316597
1676550932
1677593614
1679209072
1680103549
1682662165
1682846697
1684682524
1691166331
1691271561
1696445879
1696994742
1697010465
1697189221
1699699699
1703994770
1709118819
1709999153
1712734598
1713627878
1715841778
1717112884
1718202069
1720582518
1721213788
1728597969
1728734358
1730009239
1730129371
1730408100
1732165149
1733294337
1734822901
1735023773
1739702764
1748330503
1753171805
1753483231
1758575896
1768581362
1775410837
1778633087
1781436223
1784249575
1784381997
1784383458
1784545587
1788520109
1790688562
1791570043
1796716691
1799290707
1801490588
1802218309
1802431943
1803484794
1808888848
1810650610
1812382524
1812920399
1813373577
1813993557
1816201218
1818235033
1820063739
1821123863
1821328783
1837386140
1839008085
1841519945
1847628608
1847793337
1848380132
1861700769
1863216700
1866354737
1868649204
1868885560
1882080161
1882181253
1886780008
1888888888
1889681715
1890002545
1893942045
1904048334
1909383343
1930070705
1932283704
1938511342
1949141767
1954250035
2004387843
2021905123
2031930691
2032033778
2032064107
2034194087
2065944898
2141212347
2142873258
2153663700
2154668640
2155418402
2155688884
2155690250
2155822658
2158057006
2160577481
2168458266
2171748140
2171798010
2175930910
2176744157
2178986920
2179003307
2179005485
2179005643
2179005793
2179005878
2179006117
2179006208
2179006383
2179006553
2179006602
2179006698
2179006831
2179006900
2179007017
2179007095
2179007311
2188136626
2189310640
2189603070
2190190220
2190997399
2200000000
2200403278
2200421096
2205554793
2209482843
2211824164
2212390575
2217382894
2217452732
2217742127
2217970766
2219072165
2224506576
2224506851
2224506985
2224507146
2225023532
2225389245
2229464160
2231655812
2232709534
2234296099
2234720097
2247034585
2248486597
2250315158
2265398863
2275998523
2276009647
2277546303
2279886826
2279936615
2290771151
2290967272
2291324873
2297036005
2301975955
2315210710
2318243396
2318248555
2320775407
2320804780
2327984798
2330578178
2333091821
2335487596
2342621554
2349361152
2350716919
2355825811
2364434013
2369581852
2382703723
2389089933
2390875774
2399091932
2400334372
2413037774
2416863295
2450411553
2450920184
2456033705
2460407890
2462353373
2466866698
2475903985
2485198745
2485202024
2485314946
2494786278
2495113411
2516625598
2516674924
2518429100
2518721081
2537013734
2537023208
2541028868
2542737769
2551460554
2553676406
2561491694
2563045662
2563290460
2563959048
2564742787
2565836556
2566065199
2572874483
2573477873
2575760826
2578501438
2581357524
2581523977
2582294183
2582590415
2583022095
2585708613
2586029159
2588968193
2589142195
2589479271
2591862562
2592130521
2592364447
2595619475
2595924635
2604087587
2606098683
2607097066
2607847520
2608615974
2609010228
2611138444
2611139760
2611201415
2611223991
2611535339
2614577662
2614982724
2619156022
2619875248
2623501528
2623996187
2624213934
2625905138
2625922527
2627627272
2627778168
2629636312
2630817821
2632454543
2634315632
2635992378
2636001002
2636889771
2637100337
2637111113
2637649940
2638778522
2640936329
2641207341
2641247605
2643186677
2644450935
2644464753
2644742542
2645395515
2646395255
2646549215
2650297347
2652191787
2656076517
2656692124
2658221259
2658574626
2658586119
2659289184
2659740648
2659882982
2660433606
2660907056
2660971941
2661238483
2661398514
2661400370
2661757133
2662898741
2663232587
2663493364
2663595650
2663780228
2664033127
2664384148
2666385951
2667006169
2667249425
2667551674
2667764029
2668221955
2668760688
2669995238
2670175704
2670539766
2670676592
2670682762
2671392171
2673531175
2678128523
2681521901
2681522390
2681524108
2681527686
2681528493
2681529600
2681532257
2681534311
2681539504
2682845524
2683257408
2683401763
2686169753
2686255110
2687499040
2687904818
2688844808
2688848184
2688888602
2691431035
2692224217
2692530688
2693368261
2698932044
2699158189
2700230095
2701155519
2705531863
2709191298
2712061516
2717482658
2726252423
2727023035
2730007495
2733296774
2746700324
2747650621
2747708162
2755340394
2756485998
2759947125
2759957392
2764304144
2768422954
2768603795
2768706941
2781388570
2787063294
2802062634
2808820052
2813077109
2831387238
2831454992
2831543293
2831548938
2831842396
2831851250
2831889270
2834554341
2834558381
2834566044
2834589644
2834595769
2834616057
2834616058
2834616059
2834616060
2834616061
2834616062
2834616063
2834616064
2834616065
2834616066
2834673459
2834673460
2834673461
2835101609
2835101611
2835101612
2835101613
2835101614
2835101615
2835101616
2835101617
2835101618
2835101619
2835131766
2835131767
2835131768
2835131769
2835131770
2835131772
2835131773
2835131774
2835131775
2835131776
2835162400
2835162401
2835162402
2835162403
2835162404
2835162405
2835162406
2835162407
2835162409
2835162415
2835184251
2835184252
2848033773
2867097489
