2211824164
2350716919
2494786278
2495113411
2542737769
2563290460
2566065199
2575760826
2578501438
2581357524
2581523977
2582294183
2582590415
2586029159
2589479271
2592364447
2595619475
2595924635
2604087587
2607097066
2607847520
2608615974
2609010228
2611139760
2611535339
2614577662
2614982724
2619156022
2619875248
2623501528
2623996187
2624213934
2627627272
2627778168
2629636312
2630817821
2632454543
2634315632
2635992378
2636001002
2636889771
2637100337
2637111113
2637649940
2638778522
2640936329
2641207341
2641247605
2643186677
2645395515
2646549215
2650297347
2652191787
2656076517
2656692124
2658221259
2658574626
