312769
6547014
6587142
27165954
31566704
137020565
137594422
142838028
181380658
213345970
226701642
227855942
230946361
233939122
237267329
237913743
239444645
242346016
246516580
246519683
251014570
257805044
263891752
263893023
263901556
263902859
263903550
263904280
263904924
266846137
276461096
283820866
284090786
287504952
287867876
297995609
305992851
306034694
307329013
310014962
310079703
310928550
312414178
317188185
317670428
324785039
327821015
328124067
329110405
330057448
330168845
331477055
331601581
338444324
339977421
341164928
343527910
344858966
347948733
349258461
350604095
351807576
354715064
356682443
357651871
359624611
360767798
365261108
367097138
368464732
370073176
370245186
371435087
375201811
377975532
385007719
386183165
386192725
386195940
387246614
387809238
388502764
388592191
389294682
390982964
391379500
393401013
393495312
393498731
393537671
394602287
394904431
395813328
397955540
399383365
400382442
400593267
403499324
404014477
404044168
406361925
406383570
406662616
408177774
408317316
408898501
409283233
409604194
411182963
411484181
412056867
415479257
415780733
421233661
423448944
423834123
428719354
428942742
433379445
433935394
435335235
437070179
438690404
440238741
441139422
442594211
443323227
444035862
444108880
445347483
445362421
445905873
446220964
446545048
449485006
451431994
452047208
452399768
457007402
459493039
460608994
461849439
462627255
463554836
465553355
465818547
465818553
465818554
465818555
465818563
465865291
465984936
467134640
467518794
468433605
470842789
471808654
478549868
478989144
498684064
499213551
500105167
507472097
509808838
510337930
510647803
511028589
511491168
514670697
522963891
523605642
523683256
527575200
531777911
542087210
542132831
542874179
544217506
546354584
551031469
553615859
553656096
554633918
555540865
555868957
558143260
558978094
559219992
560039769
567114163
568879303
569120128
575353596
575358142
577176220
579451052
581154878
583495589
593826822
598341134
601894079
602119108
607120057
607591690
610886011
612770026
613608234
624410813
627910594
628459294
638273451
638594993
639001259
639641542
640873368
643125984
646502690
648664981
649973549
651739129
656876671
657291910
658399558
661277818
664464508
665953422
670777243
672810002
672913181
674925395
679119565
680408335
684201351
684477003
684649988
686505742
686505743
686508050
686508051
686509463
686509464
686510134
686510135
688540506
689171215
691139538
691727565
691916156
692083444
692584955
694067049
694408528
694408529
694432641
694474015
695242274
